0
0
bb174cf7
0
0
a82bff10
0
0
0
c72b4032
4190d344
b7439fd0
0
0
0
0
0
0
0
0
0
0
2d5d61b1
0
84faf7ab
0
0
0
0
0
0
0
0
a7bced51
a3d3e790
0
0
0
0
0
0
0
0
0
0
0
4618adc5
0
0
0
07c38554
0
0e9b2f8a
0
0
0
0
0
0
0
0
0
0
0
fd0e3ad2
0
0
0
0
35f6d8f4
0
0
0
0
0
0
0
0
0
0
0
c45210bc
0
0
0
7d24a8e5
0522a03c
0
eadf1b03
0
0
0
84e5829e
0
0
0
0
0
0
0
0
0
0
0
0
6e45cf29
0
4601cd72
0
0
0
6e7ada64
0
0
0878f5db
0
0
0
0
0
0
0
0
0
0
0
b435a8ee
0
0
3e1ca573
0
0
0
0
0
0
0
0
0
0
0
0
0
0
0
098b3c58
f14fdef0
c3ca8db6
0
30bbb90a
0
0
0
0
0
0
0
0
0
ca6e1987
b2971bd7
0
0
0
0
0
0
0
0
0
0
0
5372aba0
53a063b8
0
0
0
0
0
0
0
0
0
0
0
0
0
1d525e84
0f4052b3
0
0
3beceb77
0
0
0
0
0
0
0
0
0
0
0
0
0
0
0
0
0
5293d7b1
0
0
0
0
d1e3d1e2
0
0
0
0
1707db33
457d4bbc
0
0
0
0
0
0
0
9e6cf8f6
0
0
0
0
0
7533764b
0
0
0
0
0
ef5e2809
0
ddea7874
0
0
0
bda663db
0
c2f7e48e
b4a1c2e6
fdc567db
0
d071460c
0
0
0
0
0
0
036990b1
0
7adc23fe
0
0
0
0
0
0
0
0
0
6ccfbe1f
0
0
0
0
0
0
0
0
0
0
0
0
0
839dfada
0
0
0
0
0
0
0
0
2691b60b
4bd32394
a36bfa5b
0
0
0
0
0
0
0
0
0
0
0
0
0
0
0
1647cffb
0
efb94909
0
0
0
0
0
f1ffba11
0
0
0
11f3ee74
0
0
51c5ad8f
d49b22fd
0
0
82b1a49e
0
0
b90344c4
0
0
01554a7e
0
0
0
0
0
0
9860bcae
0
0
23084349
e6c3cf06
0
0
0
0
0
0
0
0
0
0
0
0
0
0
0
0
0
0
0
0
188a3fde
401640b9
0
0
0
0
0
0
0
0
0
0
0
0
0
0
0
0
0208115b
0
0
bd6df2e3
0
0
0
0
0
0
0
c0263958
0
0
0
0
0
0
0
0
0
4dd1fde6
0
31bfbf8f
0
0
0
788ce97d
0
db541d05
0
8888fc3d
0
0
0
cc0f46dc
0
0
0
0
0
0
0
0
0
0
24ffa964
294e70bb
2f643572
0
0
0
0
0
0
0
7ab70722
0
0
0
0
0
ba3674b9
0
0
22d6782b
c0d28261
50fa8f60
0
403e713b
0
758f2a6a
0
4d192f71
0
cfd8841a
175dd864
0
77808278
0
0
0
0
0
0
81efa4f2
0
0
0
0
552d7db9
0
fa155d05
657b9bd8
0
0
1407f2fe
0
0
0
0
0
0
0
0
0
0
0cfaa855
0
0
0
0
0
0
0
0
0
0
0
0
a03fadfa
0
d3073cec
77571412
0
0
0
0
0
3d5f977a
0
2795c679
0
0
553e18e1
0
0
0
0
65fa61fa
89db902a
0
0
0
0
0
0
0
0
0
0
0
0
0
0
0
0
0
bb4437e4
0
0
0
0
0
5b08249e
0
7573cac6
158db986
0
0
8d05031a
0
eab1c29f
0
0
0
0
9ed9214c
0
0
0
0
0ca3763a
0
0
0
0
0
0
0
0
0
0
0
5dffc523
0
0
dd8b2578
0
0
0
0afd1214
0
fc51effc
0
f80f8e58
0
0
0
0
0
0
0
0
0
0
0
27746b53
0
0
0
c8feeb41
0
0
0
861616bc
0
ed3550c7
0
0
0
68d6ee27
9bf498ee
0
0
0
a877c3a3
430b6239
0
0
0
0
0
0
0
0
0
0
0
0
04a2b72d
0
0
0
d7b69815
0
0
0
1f49f9c1
0
d1343ddf
0
5950ea7c
0
b8411ff0
985c33fc
8403bdb2
0
0
0
0
0
0
0
a018845b
0
3517549c
0
0
0
3aad57b2
ed645a0e
0
0
0
0
0
0
0
0
0
0
0
8bfcca2a
0
0
0
3bb085c8
0
0
0
0
0
0
0
09ebb33a
0
0
0
0
0
b5e4fae1
0
0
0
0
0
0
0
0
d6c7fbcb
0
da55bd85
0
2c5a73b0
60f3e349
0
0
0
0
800b6a38
0
0
0
0
0
86fccbc9
32c1ae88
0
20ef9fff
0
0
982008a9
0
0
0
0
0
7031e2a1
0
0
3946d7e4
0
0
0
0
0
0
85511099
0
0
c3680a32
0
0
24084a08
0
0
0
0
0
c481c3c2
0
0
0
0
0
0
0
e9c68dae
0
0
0
0
1f6e38b0
0
0
0
0
cf2fb812
e164ab80
0
0
43cbcc1f
7a2b7d00
0
0
96b61a20
0
0
0
02d3a173
0
0
0
0
0
0
0
0
0
0
0
0
0
0
f60c91a1
bfbbac45
0
0
77975afa
74b7d1d3
b49568ad
0
0
9c661c77
0
0
0
0
0
0
0
0
0
b4f655a3
69ab7cde
db66eb86
72a9cf78
0
0
0
0
0
0
0
0
0
0
ffd7939b
0
a12e29e7
0
ea0c44c6
0
0552414d
0
0
0
0
0
0
0
0
0
0
0
0
0
0
0
375d1054
0
0
0
0
0
0
0
0
0
b8005468
7a78d775
dbc33fde
0
0
0
0
0
0
0
0
0
0
0
0
0
0
0
0
0
0
bee48b02
0
0
0
0
0
2c4b5662
0
0
c62e9d36
7554a71f
470f6e41
0
0
0
0
0
0
0
0
0
0
93e9750b
0
0
0
0
0
0
0
0
0
0
0
0
0
0
c5949648
0
0
0
0
0
0
0
0
0
0
d0eb110b
0
0
0
0
0
3d951293
10ab4b85
0
0
0
0
0
0eaec5df
0
0e453a7b
0
0
0
0
0
0
0
0
0
0
b25e3fe3
0
82f4d6f4
0
0
0
0
0
0
0
0
0
0
0
0
b1cd6b03
dc1c04f1
39b3c535
6c23502a
0
0
61413b1c
0
0
0
0
0
0
0
0
0
0
0
93ff8110
0
0
f4b38f35
0
0
98f9d9e9
0
0
0
0
0
0
0
b8daca12
0
0
4e56983e
0
0
0
8b6d3bdf
0
0
0
0
0
0
0
0
0
0
0
0
0
0
0
0
0
82870cc2
0
0
d47c72bf
0
0
a0691e85
e7a42b24
0
0
833ffe3d
0
0
0
0
0
0
c80426c6
0
0
0
0
0
0
11303e8a
0
5ee605b7
0
0
0
0
fb03608d
0
0
4da1715c
7511ac2a
9b0a9bd6
304949b6
0
0
0
0
0
0
0
3c41bd78
0
dbbe2377
0
eb03da30
0
0
0
8e230535
0
0
0
0
0
0
0
0
0
0
0
0
0
0
0
0
0
0
f7dbfbe4
0
0
0
0
0
0
0
0
1ce6f017
0
0
4d23ca6f
bb8eb675
0
0
0
0
0
0
0
0
0
0
0
0
0
0
0
0
0
93944dfa
3000c2a1
0
0
146db989
0
0
cf7849a7
0
0
0
0
0
0
0
0
0
0
0
4df6cac3
8ccb7dcf
0
0
0
0
0
0
fc0f3894
0
0
0
0
67644c00
84703448
0
0
0
0
0
95bdd0c5
0
0
28afb5b1
0
0
b96a7aa0
0
0
0
0
0
0
0
0
0
0
0
0
0
0
0
0
0
0
fab15074
d23beac2
0
0
0
0
c59d1714
0ccd35eb
9ed2dac9
0
0
0
0
9b9dd61f
12030668
0
0
b92e78a3
968c1262
0
813fa1e9
0
5209a6ea
0
0
0
90387ea2
0
0
7723fefc
0
0
594a8f8e
0
0
5d8e7336
0
0
0
0
0
0
0
4cf76ffe
0
0
212352c9
0
0
0
0
0
0
0
d8f8d5ef
0
cf8606ae
0
44982e72
0
0
0
0
0
4cd6d01b
0
0
0
0
0
0
0
0
0
0
0
0
e267209c
aea4ac58
0
0
0
0
0
0
dabd2a3d
e880a93c
0
0
0
0
0
0
0
a377766c
0
0
0
0
0
0
0
0
0
0
0
0
0
0
0
0
0
0
9451e27e
0
0
04674adb
06a73638
0
a739cba5
0
0
bd1f947f
0
0
0
0
0
8752b505
0
0
0
0
0
0
0
0
0
0
93c5a6e1
0
82f74f80
0
0
0
0
0
0
0
0
0
0
0
0
0
0
0
0
120748d2
0
0
0
0
a645dec3
0
0
0
0
0
0
0
0
0
0
0
0
0
0
0
0
40f948ae
0
0
0
37994930
bb0dcca2
0
0
0
0
0
0
0
8447fe40
0
0
55b30368
0
0
0
0
0
0
0
0
0
0
0
0
0
e7ab57b0
0
0
0
26239a1f
6e091df5
0
0
0
d8762fd3
0
0
0
0
d9b891c6
0
0
db92c6d6
0
0
14c31e74
0
0
0
0
a0f76b89
0
0
0
0
0
0
0
0
0
255278bd
0
0
0
0
0
0
0
0
683eae25
0
0
0
0
0
0
0
0
0
0
0
0
0
16720b0f
0
6c267c33
0
0
0
0
0
0
71bbdf7c
56688f8c
d2549774
0
0
1d653321
0
0
0
522d2997
4870d107
0
0
0
0
0
0
0
0
0
0
0
0
0
0
0
0
0
0
02a01407
0
a96d7974
0
6d3e097e
b32cdd31
3792cc50
0
0
0
0
0
0
7c3b016e
0
0
0
0
0
0
0
0
0
9997b24a
0
0
20bcb6b4
1ba7348b
c985caa8
0
0
0
0
0
0
0
3cc9c8d4
0
0
0
0
0
0
0
0
0
7376b542
0
0
0
0
0
0
0
0
0
0
0
0
0
0
0
0
0
0
0
0
0
0
0
0
99199b03
0
0
0
0
0
0
0
0
0
0
0
0
6447199e
0
8ca544e8
0
0
0
0
0
0
109da36b
0
0
6cb0036a
0
d806d851
0
0
0
0
0
7d21f0de
0
0
0
0
0
9de1bc0f
0
0
0
0
0
0
0
db028621
0
b6ad3257
836cedea
0
0
0
0
0
9d0b9629
0
0
0
0
0
0
0
0
0
0
0
32e779ef
0
0
0
0
506ae72a
0
0
0
0
0
0
0
dcea8608
f0bc0de1
0
0
0
0
0
a5d1e3f3
0
0
0
0
0
0
0
0
2134d0eb
40c12152
0
0
0
0
e75c8a0b
0
0
0
0
0
0
0
0
0
0
0
0
0
0
04550eea
0aec9eec
c61ea93f
0
0
0
0
02fd22c7
0
0
0
ccbfddf0
814b90ae
0
0
0
0
0
0
0
2e0c5e9c
a3b36b17
0
0
0
f9a64d8e
0
55932cf1
0
0
2c8aa591
a7da5e21
0
0
0
0
0
ce7f59c1
0
0
0
0
4c97df44
0
0
0
0
0
0
0
0
0
0
257fa73b
0
0
0
0
0
bfa0c3e9
0
0
0
0
0
0
0
0
0
0
0
0
0
0
431af0cc
e97734ad
0
9a4db6d6
0
0
0
81c79112
843733d6
0
3c180cfe
0
c2178bb1
0
0
0
0
0
0295bfc7
0
fea46086
0
0
0
0
0
0
0
8b1a9771
0
0
0
0
0
0
9645e199
6c29eb6c
0
0
0
0
0
0
0
0
68124fd1
0
0
0
0
3093fc36
0
0
0
44354951
0
0
0
2193fdb4
0
0
0
0
0
0
0
0
0
0
0
0
0
0
0
0
0
0
0
0
0
0
0
0
13f5fa96
0
0a74856c
0
0
0
0
01808f7c
01cbd42b
0
b5febf83
0
c24a246b
448ea9eb
0
0
0
76d59487
0
0
0
0
4779b869
a335b9cb
0
0
0
95f43373
8d309c7e
0
0
72d84456
0
0
0
a5f73150
0
0
0
0
0
0
0
0
0
0
0
0
0
0
2fc6ea2f
0
0
0
0
0
0
0
0
86ebd5db
7e9b9cd5
0
0
0
0
0
0
0
0
0
0
0
0
0
51c83db6
46d6c4ec
0
767143a6
0
0
0
ac7dd68f
0
0
0
0
0
0
0
0
0
0
0
0
bd66bf4c
0
424aabc0
0
0
0
0
0
0
0
0
7198d92c
0
0
0
cdeaa5f1
40e2c736
0
2c69e62a
0
0
0
0
0
0
0
0
75e353b9
0
0
82fa43d3
0
0
8aa4b3fe
0
0
0
0
0
0
0
0
0
0
0
6fd8ed7a
0
0
0
0
0
0
0
